-0.103764
-0.112764
-0.145764
-0.160764
-0.171764
-0.180764
-0.185764
-0.202764
-0.212764
-0.217764
-0.230764
-0.201764
-0.239764
-0.232764
-0.225764
-0.264764
-0.271764
-0.287764
-0.279764
-0.267764
-0.257764
-0.281764
-0.254764
-0.264764
-0.278764
-0.253764
-0.274764
-0.262764
-0.268764
-0.230764
-0.202764
-0.219764
-0.195764
-0.191764
-0.202764
-0.183764
-0.222764
-0.153764
-0.156764
-0.154764
-0.143764
-0.108764
-0.077764
-0.038764
-0.092764
-0.032764
-0.105764
-0.011764
-0.023764
0.018236
0.011236
0.000236
0.042236
0.007236
0.062236
0.118236
0.071236
0.137236
0.128236
0.198236
0.214236
0.214236
0.238236
0.258236
0.311236
0.307236
0.292236
0.320236
0.301236
0.329236
0.324236
0.326236
0.325236
0.346236
0.371236
0.374236
0.376236
0.382236
0.338236
0.400236
0.389236
0.377236
0.371236
0.396236
0.406236
0.378236
0.373236
0.376236
0.377236
0.392236
0.387236
0.363236
0.330236
0.353236
0.327236
0.356236
0.331236
0.343236
0.333236
0.303236
0.292236
0.299236
0.300236
0.264236
0.259236
0.228236
0.196236
0.220236
0.193236
0.196236
0.198236
0.170236
0.127236
0.124236
0.121236
0.101236
0.106236
0.092236
0.063236
0.044236
0.060236
0.031236
0.042236
0.002236
-0.025764
-0.034764
-0.045764
-0.063764
-0.070764
-0.082764
-0.106764
-0.091764
-0.143764
-0.128764
-0.149764
-0.133764
-0.137764
-0.155764
-0.137764
-0.183764
-0.182764
-0.194764
-0.185764
-0.205764
-0.175764
-0.218764
-0.205764
-0.185764
-0.202764
-0.166764
-0.153764
-0.179764
-0.169764
-0.154764
-0.134764
-0.131764
-0.128764
-0.094764
-0.047764
-0.048764
-0.034764
-0.001764
0.017236
-0.004764
0.051236
0.001236
0.092236
0.114236
0.088236
0.126236
0.179236
0.156236
0.198236
0.220236
0.193236
0.264236
0.303236
0.299236
0.290236
0.273236
0.387236
0.413236
0.371236
0.397236
0.393236
0.411236
0.463236
0.491236
0.531236
0.549236
0.538236
0.535236
0.538236
0.637236
0.635236
0.627236
0.656236
0.656236
0.625236
0.638236
0.668236
0.685236
0.790236
0.685236
0.701236
0.693236
0.684236
0.717236
0.752236
0.728236
0.755236
0.726236
0.715236
0.739236
0.700236
0.748236
0.705236
0.624236
0.734236
0.688236
0.682236
0.630236
0.672236
0.655236
0.674236
0.606236
0.608236
0.551236
0.601236
0.599236
0.557236
0.483236
0.525236
0.511236
0.510236
0.500236
0.470236
0.467236
0.406236
0.395236
0.381236
0.348236
0.320236
0.339236
0.274236
0.302236
0.236236
0.236236
0.279236
0.276236
0.257236
0.243236
0.253236
0.238236
0.202236
0.205236
0.139236
0.147236
0.154236
0.161236
0.113236
0.108236
0.121236
0.068236
0.095236
0.082236
0.074236
0.065236
0.054236
0.036236
0.041236
0.040236
-0.004764
0.016236
-0.014764
0.004236
0.024236
0.037236
0.085236
0.064236
0.072236
0.075236
0.083236
0.055236
0.103236
0.066236
0.084236
0.120236
0.041236
0.154236
0.134236
0.161236
0.161236
0.175236
0.175236
0.164236
0.246236
0.305236
0.283236
0.257236
0.325236
0.319236
0.352236
0.360236
0.364236
0.359236
0.410236
0.395236
0.467236
0.471236
0.479236
0.520236
0.512236
0.547236
0.521236
0.552236
0.579236
0.572236
0.531236
0.595236
0.611236
0.610236
0.607236
0.629236
0.682236
0.634236
0.623236
0.618236
0.606236
0.674236
0.633236
0.599236
0.619236
0.612236
0.687236
0.634236
0.644236
0.645236
0.642236
0.656236
0.588236
0.617236
0.603236
0.629236
0.609236
0.607236
0.582236
0.537236
0.536236
0.558236
0.522236
0.519236
0.494236
0.506236
0.457236
0.473236
0.451236
0.440236
0.411236
0.393236
0.353236
0.364236
0.352236
0.349236
0.311236
0.295236
0.322236
0.295236
0.237236
0.227236
0.205236
0.210236
0.166236
0.142236
0.129236
0.105236
0.109236
0.094236
0.065236
0.051236
0.049236
0.047236
0.011236
0.009236
-0.015764
-0.024764
-0.021764
-0.036764
-0.023764
-0.057764
-0.044764
-0.060764
-0.049764
-0.044764
-0.037764
-0.072764
-0.067764
-0.048764
-0.037764
-0.035764
-0.040764
-0.021764
0.002236
-0.025764
0.027236
0.026236
0.026236
0.057236
0.054236
0.054236
0.103236
0.107236
0.099236
0.130236
0.174236
0.154236
0.136236
0.179236
0.234236
0.225236
0.220236
0.213236
0.323236
0.324236
0.369236
0.326236
0.413236
0.431236
0.503236
0.522236
0.428236
0.448236
0.493236
0.525236
0.550236
0.568236
0.567236
0.642236
0.601236
0.656236
0.720236
0.741236
0.735236
0.759236
0.723236
0.719236
0.746236
0.821236
0.747236
0.825236
0.755236
0.899236
0.812236
0.841236
0.778236
0.834236
0.760236
0.799236
0.813236
0.829236
0.835236
0.824236
0.835236
0.774236
0.798236
0.829236
0.835236
0.814236
0.801236
0.794236
0.712236
0.779236
0.786236
0.768236
0.735236
0.709236
0.653236
0.688236
0.674236
0.680236
0.676236
0.671236
0.615236
0.641236
0.578236
0.601236
0.539236
0.533236
0.519236
0.488236
0.473236
0.501236
0.444236
0.413236
0.387236
0.400236
0.411236
0.365236
0.344236
0.336236
0.299236
0.265236
0.243236
0.227236
0.243236
0.208236
0.203236
0.169236
0.172236
0.152236
0.153236
0.126236
0.107236
0.091236
0.074236
0.097236
0.081236
0.053236
0.045236
0.043236
0.044236
0.051236
0.006236
0.046236
0.015236
0.023236
0.056236
0.028236
0.031236
0.034236
0.012236
0.036236
0.031236
0.052236
0.076236
0.070236
0.099236
0.099236
0.120236
0.010236
0.081236
0.069236
0.211236
0.218236
0.199236
0.223236
0.247236
0.236236
0.245236
0.298236
0.327236
0.266236
0.339236
0.341236
0.366236
0.349236
0.444236
0.439236
0.404236
0.399236
0.441236
0.464236
0.433236
0.517236
0.473236
0.485236
0.477236
0.534236
0.619236
0.563236
0.576236
0.610236
0.585236
0.611236
0.600236
0.650236
0.617236
0.632236
0.620236
0.643236
0.598236
0.638236
0.637236
0.646236
0.704236
0.646236
0.623236
0.620236
0.632236
0.623236
0.597236
0.601236
0.637236
0.618236
0.614236
0.591236
0.623236
0.580236
0.551236
0.551236
0.526236
0.535236
0.511236
0.491236
0.486236
0.474236
0.438236
0.442236
0.422236
0.398236
0.412236
0.366236
0.333236
0.292236
0.297236
0.312236
0.288236
0.273236
0.247236
0.255236
0.225236
0.195236
0.164236
0.168236
0.170236
0.132236
0.112236
0.093236
0.096236
0.061236
0.042236
0.046236
0.003236
0.016236
0.004236
0.004236
-0.012764
-0.020764
-0.052764
-0.038764
-0.080764
-0.094764
-0.100764
-0.113764
-0.072764
-0.087764
-0.052764
-0.090764
-0.068764
-0.075764
-0.028764
-0.092764
-0.057764
-0.049764
-0.037764
-0.022764
-0.005764
-0.013764
0.026236
0.016236
0.031236
0.045236
0.118236
0.075236
0.109236
0.101236
0.169236
0.199236
0.211236
0.200236
0.229236
0.234236
0.253236
0.281236
0.280236
0.291236
0.356236
0.383236
0.376236
0.451236
0.437236
0.476236
0.450236
0.499236
0.475236
0.537236
0.546236
0.514236
0.596236
0.552236
0.614236
0.717236
0.657236
0.690236
0.682236
0.736236
0.674236
0.746236
0.725236
0.776236
0.753236
0.772236
0.737236
0.816236
0.796236
0.799236
0.806236
0.835236
0.825236
0.824236
0.789236
0.736236
0.776236
0.774236
0.792236
0.805236
0.796236
0.756236
0.745236
0.761236
0.773236
0.806236
0.767236
0.730236
0.704236
0.729236
0.687236
0.713236
0.698236
0.675236
0.610236
0.646236
0.601236
0.558236
0.564236
0.550236
0.497236
0.501236
0.448236
0.472236
0.445236
0.444236
0.384236
0.397236
0.354236
0.309236
0.335236
0.299236
0.271236
0.225236
0.206236
0.232236
0.179236
0.195236
0.175236
0.156236
0.130236
0.103236
0.069236
0.044236
0.029236
0.034236
0.010236
0.017236
-0.007764
-0.035764
-0.026764
-0.040764
-0.036764
-0.066764
-0.041764
-0.076764
-0.103764
-0.095764
-0.101764
-0.085764
-0.091764
-0.107764
-0.089764
-0.084764
-0.068764
-0.110764
-0.065764
-0.066764
-0.036764
-0.061764
-0.039764
-0.020764
-0.045764
0.009236
-0.013764
0.047236
0.022236
0.052236
0.091236
0.093236
0.081236
0.110236
0.139236
0.175236
0.182236
0.217236
0.258236
0.269236
0.245236
0.263236
0.281236
0.293236
0.287236
0.374236
0.357236
0.399236
0.437236
0.430236
0.438236
0.424236
0.438236
0.520236
0.444236
0.509236
0.533236
0.601236
0.573236
0.579236
0.604236
0.606236
0.584236
0.616236
0.656236
0.643236
0.617236
0.670236
0.637236
0.645236
0.642236
0.589236
0.637236
0.627236
0.610236
0.621236
0.636236
0.604236
0.578236
0.604236
0.572236
0.557236
0.567236
0.640236
0.617236
0.570236
0.508236
0.497236
0.511236
0.502236
0.459236
0.444236
0.463236
0.447236
0.396236
0.366236
0.372236
0.341236
0.329236
0.316236
0.314236
0.284236
0.261236
0.223236
0.212236
0.160236
0.152236
0.126236
0.120236
0.115236
0.057236
0.056236
-0.017764
-0.014764
-0.024764
-0.017764
-0.044764
-0.076764
-0.078764
-0.104764
-0.160764
-0.153764
-0.172764
-0.180764
-0.223764
-0.209764
-0.214764
-0.234764
-0.198764
-0.211764
-0.231764
-0.205764
-0.256764
-0.205764
-0.224764
-0.225764
-0.198764
-0.216764
-0.237764
-0.234764
-0.222764
-0.154764
-0.143764
-0.119764
-0.154764
-0.114764
-0.160764
-0.112764
-0.092764
-0.136764
-0.087764
-0.070764
0.003236
0.080236
0.038236
0.056236
0.096236
0.134236
0.126236
0.209236
0.161236
0.164236
0.233236
0.279236
0.266236
0.323236
0.328236
0.358236
0.364236
0.358236
0.415236
0.487236
0.495236
0.516236
0.464236
0.564236
0.569236
0.551236
0.616236
0.634236
0.616236
0.597236
0.719236
0.680236
0.683236
0.664236
0.680236
0.701236
0.683236
0.674236
0.852236
0.697236
0.711236
0.783236
0.799236
0.800236
0.775236
0.746236
0.766236
0.805236
0.754236
0.725236
0.745236
0.709236
0.757236
0.720236
0.721236
0.733236
0.727236
0.658236
0.696236
0.659236
0.699236
0.648236
0.633236
0.627236
0.595236
0.533236
0.518236
0.509236
0.533236
0.524236
0.448236
0.413236
0.419236
0.387236
0.360236
0.322236
0.318236
0.309236
0.263236
0.195236
0.213236
0.180236
0.157236
0.148236
0.152236
0.113236
0.088236
0.062236
-0.004764
-0.004764
0.010236
-0.055764
-0.046764
-0.088764
-0.084764
-0.108764
-0.122764
-0.137764
-0.123764
-0.147764
-0.207764
-0.191764
-0.178764
-0.178764
-0.204764
-0.200764
-0.189764
-0.170764
-0.180764
-0.165764
-0.167764
-0.156764
-0.191764
-0.152764
-0.136764
-0.186764
-0.197764
-0.134764
-0.164764
-0.065764
-0.024764
-0.038764
-0.013764
0.012236
0.005236
-0.014764
0.086236
0.063236
0.066236
0.034236
0.124236
0.137236
0.168236
0.155236
0.215236
0.232236
0.226236
0.259236
0.294236
0.383236
0.388236
0.439236
0.454236
0.430236
0.488236
0.514236
0.539236
0.522236
0.604236
0.620236
0.585236
0.576236
0.636236
0.656236
0.678236
0.678236
0.654236
0.641236
0.735236
0.703236
0.705236
0.697236
0.774236
0.725236
0.675236
0.710236
0.718236
0.789236
0.772236
0.770236
0.738236
0.707236
0.755236
0.740236
0.732236
0.765236
0.687236
0.700236
0.704236
0.649236
0.654236
0.653236
0.623236
0.604236
0.575236
0.621236
0.569236
0.584236
0.548236
0.565236
0.508236
0.476236
0.446236
0.443236
0.420236
0.371236
0.398236
0.350236
0.347236
0.287236
0.286236
0.218236
0.229236
0.177236
0.165236
0.136236
0.134236
0.041236
0.045236
0.044236
0.048236
0.007236
0.015236
-0.055764
-0.041764
-0.082764
-0.120764
-0.111764
-0.137764
-0.143764
-0.180764
-0.209764
-0.196764
-0.201764
-0.229764
-0.227764
-0.278764
-0.267764
-0.262764
-0.258764
-0.264764
-0.264764
-0.241764
-0.256764
-0.242764
-0.229764
-0.187764
-0.207764
-0.207764
-0.145764
-0.158764
-0.181764
-0.159764
-0.098764
-0.090764
-0.037764
0.014236
0.012236
-0.023764
0.028236
0.016236
0.030236
0.154236
0.098236
0.123236
0.156236
0.260236
0.202236
0.261236
0.255236
0.295236
0.380236
0.371236
0.353236
0.470236
0.471236
0.486236
0.526236
0.526236
0.609236
0.595236
0.662236
0.611236
0.685236
0.726236
0.667236
0.675236
0.724236
0.778236
0.776236
0.882236
0.801236
0.847236
0.831236
0.875236
0.860236
0.883236
0.917236
0.980236
1.013236
0.958236
0.950236
0.971236
0.968236
0.893236
0.949236
0.972236
0.983236
0.976236
0.945236
0.901236
0.886236
0.922236
0.887236
0.934236
0.856236
0.863236
0.902236
0.873236
0.811236
0.819236
0.794236
0.692236
0.748236
0.723236
0.734236
0.677236
0.637236
0.583236
0.537236
0.546236
0.519236
0.490236
0.459236
0.432236
0.406236
0.346236
0.320236
0.269236
0.265236
0.213236
0.210236
0.190236
0.201236
0.161236
0.115236
0.086236
0.068236
0.047236
0.027236
-0.000764
-0.027764
-0.021764
-0.025764
-0.056764
-0.085764
-0.121764
-0.131764
-0.150764
-0.131764
-0.141764
-0.136764
-0.166764
-0.157764
-0.184764
-0.164764
-0.135764
-0.171764
-0.127764
-0.138764
-0.125764
-0.156764
-0.119764
-0.058764
-0.094764
-0.097764
-0.089764
-0.101764
-0.090764
-0.025764
-0.028764
0.028236
-0.040764
0.083236
-0.020764
0.069236
0.070236
0.065236
0.171236
0.150236
0.266236
0.224236
0.262236
0.273236
0.325236
0.344236
0.352236
0.483236
0.432236
0.459236
0.457236
0.520236
0.567236
0.570236
0.677236
0.600236
0.746236
0.715236
0.744236
0.784236
0.694236
0.813236
0.857236
0.780236
0.817236
0.935236
0.873236
0.897236
0.860236
0.934236
0.831236
0.880236
0.946236
0.922236
1.035236
0.986236
0.914236
0.970236
0.945236
1.017236
0.988236
0.982236
0.926236
0.884236
0.950236
0.995236
0.929236
0.906236
1.003236
0.953236
0.892236
0.879236
0.870236
0.886236
0.869236
0.811236
0.746236
0.745236
0.793236
0.732236
0.667236
0.697236
0.657236
0.610236
0.586236
0.551236
0.501236
0.483236
0.432236
0.427236
0.394236
0.376236
0.345236
0.288236
0.262236
0.250236
0.198236
0.190236
0.168236
0.122236
0.086236
0.052236
0.019236
0.000236
-0.004764
-0.023764
-0.071764
-0.055764
-0.064764
-0.059764
-0.107764
-0.120764
-0.144764
-0.153764
-0.130764
-0.213764
-0.235764
-0.178764
-0.190764
-0.191764
-0.149764
-0.136764
-0.130764
-0.169764
-0.153764
-0.209764
-0.154764
-0.148764
-0.111764
-0.078764
-0.091764
-0.044764
0.004236
0.059236
-0.002764
-0.032764
0.083236
0.081236
0.041236
0.116236
0.163236
0.268236
0.201236
0.217236
0.272236
0.209236
0.328236
0.324236
0.365236
0.432236
0.463236
0.499236
0.518236
0.522236
0.560236
0.534236
0.695236
0.735236
0.657236
0.805236
0.849236
0.853236
0.785236
0.944236
0.888236
0.854236
0.917236
0.938236
0.983236
0.916236
0.949236
0.948236
1.066236
1.013236
1.073236
1.084236
1.182236
1.141236
1.110236
1.118236
1.114236
1.197236
1.153236
1.146236
1.144236
1.112236
1.091236
1.050236
1.023236
1.120236
1.055236
1.057236
1.006236
0.967236
0.960236
0.972236
0.882236
0.998236
0.944236
0.943236
0.871236
0.878236
0.825236
0.820236
0.827236
0.782236
0.782236
0.737236
0.679236
0.622236
0.621236
0.562236
0.520236
0.489236
0.469236
0.426236
0.379236
0.381236
0.383236
0.315236
0.248236
0.289236
0.238236
0.182236
0.163236
0.125236
0.196236
0.114236
0.063236
0.066236
0.035236
0.003236
-0.002764
-0.014764
-0.023764
-0.060764
-0.059764
-0.073764
-0.086764
-0.076764
-0.114764
-0.149764
-0.138764
-0.134764
-0.160764
-0.188764
-0.180764
-0.194764
-0.189764
-0.192764
-0.134764
-0.160764
-0.109764
-0.115764
-0.125764
-0.108764
-0.043764
-0.045764
-0.096764
-0.079764
-0.080764
0.067236
0.045236
0.061236
0.067236
0.131236
0.143236
0.197236
0.230236
0.227236
0.263236
0.335236
0.358236
0.387236
0.408236
0.387236
0.484236
0.511236
0.447236
0.525236
0.648236
0.735236
0.653236
0.656236
0.733236
0.712236
0.779236
0.836236
0.842236
0.817236
0.942236
0.776236
0.886236
0.952236
0.904236
0.976236
0.963236
1.023236
1.013236
1.031236
1.044236
0.944236
1.048236
1.115236
0.968236
1.168236
1.124236
1.010236
1.030236
1.137236
1.043236
1.016236
1.084236
0.979236
1.015236
1.004236
0.975236
1.024236
0.959236
0.918236
0.914236
0.894236
0.847236
0.848236
0.784236
0.739236
0.763236
0.717236
0.703236
0.675236
0.653236
0.624236
0.596236
0.563236
0.505236
0.460236
0.437236
0.401236
0.390236
0.383236
0.319236
0.269236
0.252236
0.175236
0.175236
0.133236
0.096236
0.059236
0.068236
-0.021764
-0.030764
-0.056764
-0.086764
-0.126764
-0.176764
-0.144764
-0.195764
-0.266764
-0.237764
-0.248764
-0.282764
-0.301764
-0.279764
-0.291764
-0.331764
-0.371764
-0.349764
-0.362764
-0.368764
-0.346764
-0.395764
-0.376764
-0.372764
-0.383764
-0.356764
-0.348764
-0.327764
-0.338764
-0.253764
-0.248764
-0.211764
-0.200764
-0.227764
-0.181764
-0.193764
-0.144764
-0.144764
-0.136764
-0.151764
0.010236
-0.041764
0.085236
0.029236
0.129236
0.127236
0.125236
0.241236
0.280236
0.228236
0.282236
0.333236
0.377236
0.486236
0.483236
0.516236
0.495236
0.601236
0.526236
0.740236
0.602236
0.659236
0.720236
0.766236
0.724236
0.762236
0.883236
0.779236
0.971236
0.865236
0.999236
0.936236
0.971236
0.963236
0.903236
0.945236
0.971236
0.874236
1.028236
0.932236
0.952236
0.926236
1.037236
1.007236
0.937236
0.956236
0.931236
0.944236
0.879236
0.875236
0.906236
0.851236
0.823236
0.800236
0.843236
0.740236
0.734236
0.734236
0.679236
0.658236
0.631236
0.603236
0.566236
0.560236
0.504236
0.483236
0.451236
0.390236
0.373236
0.332236
0.293236
0.272236
0.233236
0.190236
0.172236
0.120236
0.115236
0.091236
0.041236
0.007236
-0.015764
-0.054764
-0.068764
-0.117764
-0.153764
-0.173764
-0.217764
-0.231764
-0.270764
-0.291764
-0.306764
-0.344764
-0.357764
-0.368764
-0.369764
-0.381764
-0.342764
-0.259764
-0.261764
-0.208764
-0.239764
-0.196764
-0.132764
-0.153764
-0.100764
-0.008764
-0.014764
0.017236
0.033236
0.059236
0.188236
0.133236
0.195236
0.219236
0.300236
0.327236
0.365236
0.379236
0.410236
0.452236
0.556236
0.516236
0.594236
0.608236
0.675236
0.665236
0.690236
0.706236
0.768236
0.746236
0.752236
0.816236
0.872236
0.842236
0.882236
0.939236
0.959236
0.879236
0.931236
0.936236
0.815236
0.848236
0.909236
0.863236
0.946236
0.872236
0.988236
0.876236
0.951236
0.864236
0.862236
0.827236
0.751236
0.817236
0.806236
0.744236
0.748236
0.710236
0.751236
0.720236
0.671236
0.638236
0.627236
0.580236
0.502236
0.519236
0.475236
0.447236
0.437236
0.370236
0.328236
0.292236
0.252236
0.218236
0.212236
0.178236
0.152236
0.101236
0.066236
0.022236
0.004236
-0.023764
-0.056764
-0.087764
-0.142764
-0.168764
-0.179764
-0.244764
-0.270764
-0.294764
-0.316764
-0.341764
-0.365764
-0.398764
-0.365764
-0.364764
-0.308764
-0.253764
-0.248764
-0.202764
-0.166764
-0.083764
-0.075764
-0.034764
0.016236
0.007236
0.087236
0.122236
0.131236
0.200236
0.178236
0.219236
0.246236
0.341236
0.353236
0.425236
0.478236
0.421236
0.513236
0.474236
0.591236
0.610236
0.595236
0.633236
0.646236
0.643236
0.754236
0.717236
0.739236
0.742236
0.692236
0.750236
0.712236
0.792236
0.745236
0.711236
0.752236
0.712236
0.818236
0.745236
0.876236
0.755236
0.702236
0.696236
0.712236
0.707236
0.695236
0.696236
0.605236
0.567236
0.572236
0.553236
0.579236
0.534236
0.478236
0.492236
0.451236
0.442236
0.413236
0.366236
0.328236
0.323236
0.282236
0.240236
0.190236
0.168236
0.150236
0.131236
0.086236
0.053236
0.018236
-0.019764
-0.083764
-0.095764
-0.114764
-0.148764
-0.164764
-0.199764
-0.247764
-0.278764
-0.314764
-0.359764
-0.366764
-0.386764
-0.380764
-0.353764
-0.296764
-0.264764
-0.204764
-0.208764
-0.191764
-0.115764
-0.122764
-0.098764
-0.094764
-0.012764
0.068236
0.078236
0.145236
0.197236
0.262236
0.187236
0.276236
0.308236
0.361236
0.411236
0.376236
0.442236
0.495236
0.595236
0.675236
0.588236
0.613236
0.679236
0.656236
0.707236
0.675236
0.843236
0.803236
0.702236
0.774236
0.795236
0.819236
0.732236
0.727236
0.838236
0.774236
0.860236
0.819236
0.834236
0.889236
0.747236
0.758236
0.815236
0.803236
0.806236
0.748236
0.775236
0.764236
0.832236
0.750236
0.673236
0.700236
0.680236
0.662236
0.672236
0.624236
0.594236
0.540236
0.500236
0.507236
0.454236
0.439236
0.388236
0.355236
0.331236
0.288236
0.269236
0.240236
0.184236
0.123236
0.113236
0.077236
0.030236
0.007236
-0.071764
-0.076764
-0.107764
-0.133764
-0.204764
-0.190764
-0.243764
-0.268764
-0.314764
-0.354764
-0.389764
-0.383764
-0.391764
-0.345764
-0.292764
-0.348764
-0.292764
-0.242764
-0.232764
-0.165764
-0.104764
-0.062764
-0.033764
-0.056764
0.036236
0.055236
0.145236
0.171236
0.176236
0.202236
0.260236
0.293236
0.346236
0.371236
0.387236
0.404236
0.461236
0.555236
0.548236
0.482236
0.621236
0.576236
0.626236
0.627236
0.636236
0.617236
0.740236
0.743236
0.677236
0.748236
0.740236
0.738236
0.780236
0.759236
0.624236
0.704236
0.775236
0.746236
0.692236
0.680236
0.736236
0.684236
0.644236
0.642236
0.646236
0.622236
0.597236
0.628236
0.581236
0.546236
0.574236
0.503236
0.498236
0.452236
0.440236
0.411236
0.386236
0.343236
0.371236
0.301236
0.285236
0.237236
0.198236
0.183236
0.107236
0.093236
0.058236
0.029236
-0.005764
-0.055764
-0.078764
-0.101764
-0.128764
-0.171764
-0.200764
-0.233764
-0.234764
-0.261764
-0.299764
-0.338764
-0.358764
-0.395764
-0.367764
-0.366764
-0.312764
-0.284764
-0.235764
-0.195764
-0.251764
-0.134764
-0.099764
-0.043764
-0.059764
0.007236
0.042236
0.052236
0.078236
0.117236
0.107236
0.220236
0.252236
0.252236
0.261236
0.314236
0.390236
0.455236
0.439236
0.549236
0.504236
0.577236
0.618236
0.591236
0.583236
0.677236
0.737236
0.774236
0.790236
0.752236
0.786236
0.875236
0.772236
0.853236
0.793236
0.825236
0.887236
0.892236
0.844236
0.862236
0.826236
0.819236
0.832236
0.817236
0.769236
0.845236
0.739236
0.830236
0.721236
0.808236
0.740236
0.740236
0.700236
0.733236
0.654236
0.657236
0.653236
0.596236
0.592236
0.548236
0.494236
0.508236
0.481236
0.438236
0.394236
0.349236
0.326236
0.295236
0.246236
0.218236
0.198236
0.165236
0.142236
0.102236
0.076236
0.039236
0.018236
-0.022764
-0.064764
-0.102764
-0.136764
-0.159764
-0.182764
-0.237764
-0.243764
-0.274764
-0.304764
-0.341764
-0.378764
-0.386764
-0.365764
-0.344764
-0.271764
-0.235764
-0.199764
-0.207764
-0.161764
-0.136764
-0.084764
-0.065764
-0.017764
0.028236
0.021236
0.078236
0.133236
0.125236
0.179236
0.220236
0.238236
0.290236
0.319236
0.382236
0.403236
0.395236
0.367236
0.479236
0.511236
0.479236
0.524236
0.540236
0.659236
0.551236
0.633236
0.584236
0.585236
0.661236
0.624236
0.687236
0.690236
0.663236
0.682236
0.654236
0.679236
0.703236
0.697236
0.611236
0.665236
0.642236
0.638236
0.603236
0.579236
0.599236
0.587236
0.599236
0.566236
0.535236
0.498236
0.543236
0.506236
0.476236
0.466236
0.451236
0.437236
0.385236
0.343236
0.318236
0.330236
0.293236
0.235236
0.212236
0.213236
0.171236
0.153236
0.159236
0.091236
0.083236
0.047236
0.012236
-0.012764
-0.046764
-0.062764
-0.103764
-0.125764
-0.154764
-0.169764
-0.212764
-0.221764
-0.253764
-0.272764
-0.308764
-0.312764
-0.315764
-0.332764
-0.337764
-0.333764
-0.351764
-0.374764
-0.389764
-0.387764
-0.379764
-0.379764
-0.358764
-0.346764
-0.331764
-0.328764
-0.305764
-0.257764
-0.257764
-0.203764
-0.179764
-0.172764
-0.141764
-0.136764
-0.094764
-0.101764
-0.044764
-0.003764
0.021236
0.097236
0.055236
0.154236
0.175236
0.134236
0.219236
0.209236
0.276236
0.415236
0.325236
0.406236
0.485236
0.495236
0.485236
0.547236
0.596236
0.709236
0.589236
0.696236
0.716236
0.822236
0.768236
0.825236
0.875236
0.980236
0.937236
0.872236
0.854236
0.932236
0.869236
0.971236
0.969236
0.968236
1.061236
0.945236
1.006236
0.932236
1.078236
0.992236
1.086236
0.968236
0.993236
1.070236
1.107236
1.043236
1.093236
1.085236
1.026236
1.179236
1.021236
1.057236
1.047236
1.057236
1.039236
1.030236
1.018236
1.002236
0.928236
0.956236
0.946236
0.906236
0.835236
0.888236
0.803236
0.773236
0.776236
0.726236
0.748236
0.720236
0.697236
0.625236
0.588236
0.602236
0.567236
0.533236
0.526236
0.475236
0.490236
0.450236
0.394236
0.395236
0.333236
0.335236
0.300236
0.286236
0.249236
0.243236
0.205236
0.223236
0.173236
0.124236
0.130236
0.102236
0.083236
0.072236
0.068236
0.026236
0.034236
-0.000764
0.012236
-0.014764
-0.017764
-0.030764
0.002236
0.007236
-0.017764
-0.030764
-0.050764
-0.032764
-0.033764
-0.023764
0.008236
-0.001764
0.056236
0.035236
0.002236
0.045236
0.083236
0.066236
0.096236
0.127236
0.108236
0.172236
0.144236
0.162236
0.196236
0.257236
0.259236
0.279236
0.299236
0.333236
0.374236
0.366236
0.400236
0.449236
0.456236
0.530236
0.521236
0.543236
0.583236
0.656236
0.615236
0.666236
0.671236
0.671236
0.645236
0.788236
0.752236
0.850236
0.789236
0.878236
0.883236
0.903236
0.918236
0.937236
0.905236
0.946236
0.969236
0.924236
1.000236
1.029236
1.124236
1.020236
1.195236
1.105236
1.087236
1.100236
1.045236
1.189236
1.117236
1.106236
1.153236
1.081236
1.076236
1.112236
1.094236
1.104236
0.986236
1.109236
0.970236
1.007236
0.961236
1.006236
0.985236
0.934236
0.932236
0.856236
0.876236
0.877236
0.829236
0.776236
0.770236
0.727236
0.725236
0.709236
0.748236
0.692236
0.635236
0.600236
0.568236
0.527236
0.556236
0.526236
0.495236
0.471236
0.450236
0.459236
0.419236
0.434236
0.403236
0.351236
0.361236
0.335236
0.334236
0.326236
0.293236
0.287236
0.237236
0.261236
0.202236
0.210236
0.206236
0.157236
0.203236
0.216236
0.180236
0.179236
0.166236
0.182236
0.176236
0.210236
0.126236
0.196236
0.174236
0.160236
0.212236
0.205236
0.263236
0.226236
0.187236
0.298236
0.312236
0.307236
0.351236
0.387236
0.403236
0.417236
0.410236
0.463236
0.419236
0.456236
0.507236
0.561236
0.543236
0.549236
0.620236
0.680236
0.739236
0.786236
0.800236
0.825236
0.805236
0.935236
0.874236
0.940236
0.950236
0.946236
0.978236
0.940236
1.031236
1.012236
1.091236
1.117236
1.047236
1.170236
1.179236
1.229236
1.130236
1.232236
1.220236
1.287236
1.359236
1.283236
1.412236
1.338236
1.288236
1.280236
1.383236
1.451236
1.409236
1.348236
1.334236
1.357236
1.392236
1.330236
1.407236
1.344236
1.463236
1.350236
1.340236
1.221236
1.312236
1.301236
1.310236
1.313236
1.278236
1.170236
1.241236
1.190236
1.166236
1.126236
1.118236
1.044236
1.132236
1.009236
1.054236
1.063236
0.981236
0.940236
0.946236
0.942236
0.889236
0.826236
0.827236
0.807236
0.812236
0.824236
0.783236
0.788236
0.735236
0.671236
0.648236
0.651236
0.620236
0.604236
0.597236
0.558236
0.533236
0.516236
0.523236
0.469236
0.502236
0.483236
0.443236
0.367236
0.430236
0.429236
0.437236
0.368236
0.419236
0.407236
0.358236
0.424236
0.347236
0.354236
0.312236
0.346236
0.404236
0.365236
0.385236
0.424236
0.424236
0.391236
0.435236
0.452236
0.456236
0.410236
0.456236
0.494236
0.483236
0.468236
0.436236
0.515236
0.502236
0.533236
0.540236
0.552236
0.580236
0.574236
0.603236
0.596236
0.636236
0.727236
0.656236
0.616236
0.715236
0.694236
0.727236
0.707236
0.813236
0.893236
0.807236
0.909236
0.811236
0.954236
0.820236
0.924236
0.962236
0.929236
0.927236
1.021236
1.122236
0.991236
1.161236
1.139236
1.056236
1.008236
1.079236
1.036236
1.143236
1.152236
1.151236
1.235236
1.150236
1.100236
1.108236
1.069236
1.057236
1.165236
1.164236
1.204236
1.094236
1.111236
1.139236
1.100236
1.097236
1.088236
1.062236
1.065236
1.056236
1.012236
1.006236
0.957236
0.940236
0.916236
0.925236
0.918236
0.877236
0.848236
0.822236
0.798236
0.760236
0.718236
0.713236
0.711236
0.677236
0.643236
0.644236
0.602236
0.602236
0.561236
0.537236
0.493236
0.495236
0.485236
0.442236
0.400236
0.396236
0.355236
0.331236
0.326236
0.300236
0.277236
0.257236
0.227236
0.205236
0.202236
0.194236
0.165236
0.150236
0.140236
0.148236
0.129236
0.128236
0.051236
0.056236
0.075236
0.064236
0.066236
0.090236
0.076236
0.065236
0.071236
0.068236
0.073236
0.088236
0.115236
0.133236
0.149236
0.168236
0.173236
0.194236
0.173236
0.229236
0.278236
0.250236
0.297236
0.323236
0.322236
0.307236
0.442236
0.403236
0.365236
0.467236
0.435236
0.498236
0.535236
0.517236
0.581236
0.633236
0.690236
0.650236
0.648236
0.685236
0.791236
0.809236
0.814236
0.958236
0.884236
0.945236
1.015236
0.918236
0.968236
1.032236
0.942236
1.042236
1.040236
1.051236
1.053236
1.050236
1.075236
1.149236
1.064236
1.167236
1.207236
1.041236
1.151236
1.162236
1.170236
1.186236
1.143236
1.195236
1.117236
1.164236
1.099236
1.191236
1.163236
1.166236
1.151236
1.081236
1.160236
1.152236
1.088236
1.042236
1.054236
1.070236
1.057236
1.052236
1.002236
0.987236
0.997236
0.940236
0.998236
0.935236
0.934236
0.918236
0.843236
0.849236
0.847236
0.821236
0.785236
0.802236
0.755236
0.715236
0.682236
0.629236
0.657236
0.608236
0.616236
0.611236
0.565236
0.575236
0.573236
0.553236
0.511236
0.536236
0.478236
0.470236
0.466236
0.461236
0.420236
0.462236
0.382236
0.403236
0.356236
0.373236
0.354236
0.421236
0.385236
0.313236
0.325236
0.331236
0.370236
0.339236
0.373236
0.335236
0.374236
0.357236
0.323236
0.359236
0.362236
0.372236
0.431236
0.390236
0.406236
0.289236
0.430236
0.428236
0.468236
0.474236
0.527236
0.464236
0.519236
0.460236
0.573236
0.600236
0.558236
0.606236
0.510236
0.579236
0.646236
0.641236
0.629236
0.697236
0.809236
0.640236
0.748236
0.842236
0.805236
0.825236
0.905236
0.829236
0.919236
1.000236
0.878236
0.987236
1.013236
1.028236
1.056236
1.038236
0.995236
1.091236
1.127236
1.160236
1.190236
1.238236
1.213236
1.245236
1.223236
1.235236
1.165236
1.227236
1.174236
1.165236
1.189236
1.167236
1.144236
1.258236
1.171236
1.119236
1.155236
1.146236
1.139236
1.174236
1.071236
1.133236
1.089236
1.140236
1.119236
1.169236
0.981236
1.227236
1.100236
1.017236
1.017236
0.960236
0.965236
0.990236
1.001236
1.022236
1.010236
0.970236
0.904236
0.973236
0.954236
0.893236
0.844236
0.846236
0.847236
0.821236
0.798236
0.820236
0.756236
0.747236
0.769236
0.750236
0.678236
0.681236
0.648236
0.604236
0.647236
0.619236
0.612236
0.558236
0.577236
0.540236
0.598236
0.574236
0.511236
0.549236
0.521236
0.512236
0.521236
0.513236
0.487236
0.499236
0.472236
0.496236
0.452236
0.504236
0.457236
0.459236
0.437236
0.511236
0.441236
0.485236
0.524236
0.492236
0.491236
0.481236
0.572236
0.445236
0.588236
0.633236
0.645236
0.688236
0.678236
0.659236
0.650236
0.698236
0.762236
0.707236
0.749236
0.796236
0.770236
0.825236
0.830236
0.996236
0.923236
0.917236
0.949236
1.004236
0.990236
1.071236
1.084236
1.012236
1.165236
1.012236
1.134236
1.192236
1.230236
1.211236
1.260236
1.284236
1.245236
1.253236
1.249236
1.338236
1.254236
1.320236
1.388236
1.272236
1.410236
1.396236
1.347236
1.383236
1.328236
1.424236
1.369236
1.313236
1.336236
1.361236
1.447236
1.339236
1.462236
1.373236
1.437236
1.281236
1.314236
1.290236
1.279236
1.322236
1.353236
1.330236
1.325236
1.339236
1.239236
1.217236
1.324236
1.107236
1.159236
1.238236
1.188236
1.199236
1.198236
1.116236
1.141236
1.063236
0.961236
1.056236
1.012236
1.078236
0.999236
1.058236
0.998236
1.022236
0.865236
0.923236
0.869236
0.942236
0.882236
0.856236
0.805236
0.787236
0.803236
0.766236
0.741236
0.720236
0.726236
0.699236
0.715236
0.675236
0.676236
0.652236
0.656236
0.660236
0.617236
0.611236
0.589236
0.559236
0.609236
0.597236
0.586236
0.627236
0.597236
0.550236
0.585236
0.526236
0.554236
0.559236
0.607236
0.534236
0.524236
0.532236
0.565236
0.588236
0.571236
0.512236
0.547236
0.532236
0.623236
0.596236
0.601236
0.619236
0.679236
0.657236
0.698236
0.632236
0.610236
0.666236
0.725236
0.668236
0.743236
0.784236
0.807236
0.810236
0.829236
0.858236
0.898236
0.794236
0.979236
0.846236
0.902236
0.956236
0.994236
1.016236
0.978236
1.015236
1.070236
1.049236
1.110236
1.127236
1.095236
1.048236
1.072236
1.078236
1.180236
1.142236
1.112236
1.122236
1.165236
1.140236
1.153236
1.173236
1.220236
1.196236
1.055236
1.229236
1.094236
1.184236
1.142236
1.066236
1.133236
1.012236
1.079236
1.123236
1.088236
1.080236
1.121236
1.039236
1.109236
1.084236
1.066236
1.081236
1.058236
1.066236
1.037236
1.002236
0.934236
0.888236
0.978236
0.885236
0.824236
0.875236
0.871236
0.871236
0.834236
0.777236
0.837236
0.772236
0.747236
0.724236
0.665236
0.686236
0.689236
0.658236
0.612236
0.677236
0.601236
0.595236
0.570236
0.585236
0.564236
0.527236
0.521236
0.540236
0.518236
0.466236
0.486236
0.477236
0.454236
0.410236
0.429236
0.431236
0.432236
0.391236
0.368236
0.374236
0.349236
0.361236
0.358236
0.393236
0.391236
0.412236
0.417236
0.408236
0.427236
0.438236
0.447236
0.545236
0.468236
0.491236
0.498236
0.496236
0.483236
0.553236
0.566236
0.533236
0.589236
0.582236
0.674236
0.610236
0.629236
0.693236
0.614236
0.744236
0.745236
0.795236
0.702236
0.815236
0.853236
0.765236
0.810236
0.869236
0.835236
0.917236
0.866236
0.873236
0.912236
0.949236
0.857236
1.000236
1.100236
1.064236
1.079236
1.085236
1.042236
1.049236
1.115236
1.099236
1.068236
1.206236
1.148236
1.097236
1.179236
1.122236
1.090236
1.122236
1.140236
1.117236
1.073236
1.146236
1.021236
1.137236
1.144236
1.109236
1.085236
1.090236
1.172236
1.036236
1.018236
1.142236
1.045236
1.064236
1.064236
0.954236
0.995236
1.013236
0.993236
0.993236
0.950236
0.914236
0.967236
0.873236
0.867236
0.869236
0.810236
0.1
.1
.1
.1
.1
.1
.1
.1
.1
.1
.1
.1
.1
.1
.1
.1
.1
.1
.1
.1
.1
.1
.1
.1
.1
.1
.1
.1
.1
.1
.1
.1
.1
.1
.1
.1
.1
.1
.1
.1
.1
.1
.1
.1
.1
.1
.1
.1
.1
.1
.1
.1
.1
.1
.1
.1
.1
.1
.1
.1
.1
.1
.1
.1
.1
.1
.1
.1
.1
.1
.1
.1
.1
.1
.1
.1
.1
.1
.1
.1
.1
.1
.1
.1
.1
.1
.1
.1
.1
.1
.1
.1
.1
.1
.1
.1
.1
.1
.1
.1
.1
.1
.1
.1
.1
.1
.1
.1
.1
.1
.1
.1
.1
.1
.1
.1
.1
.1
.1
.1
.1
.1
.1
.1
.1
.1
.1
.1
.1
.1
.1
.1
.1
.1
.1
.1
.1
.1
.1
.1
.1
.1
.1
.1
.1
.1
.1
.1
.1
.1
.1
.1
.1
.1
.1
.1
.1
.1
.1
.1
.1
.1
.1
.1
.1
.1
.1
.1
.1
.1
.1
.1
.1
.1
.1
.1
.1
.1
.1
.1
.1
.1
.1
.1
.1
.1
.1